17021.41796875
15457.869140625
12585.623046875
11027.9912109375
10013.7470703125
7694.40576171875
6478.35546875
6310.81884765625
5799.734375
4771.41162109375
5361.052734375
3821.435791015625
3505.107666015625
4099.4189453125
4031.38427734375
2638.365478515625
2478.339111328125
2978.702392578125
1890.747802734375
1800.257568359375
1581.531982421875
2978.628173828125
1296.154541015625
1374.0770263671875
1368.070068359375
1059.95703125
1248.2598876953125
919.48583984375
820.253662109375
701.5798950195312
607.76806640625
606.495849609375
1341.1204833984375
366.6534729003906
628.6720581054688
300.7607421875
211.0869903564453
292.5252990722656
202.4553985595703
170.96710205078125
355.9969482421875
199.64138793945312
81.41661071777344
89.31976318359375
78.15711975097656
256.25732421875
48.81214141845703
80.9438705444336
52.1719970703125
19.5921688079834
30.769752502441406
150.18838500976562
14.813116073608398
12.641397476196289
11.953136444091797
27.27022361755371
2.8197717666625977
17.09638214111328
6.63346004486084
16.052387237548828
10.359527587890625
3.5597424507141113
3.847480297088623
5.419182777404785
1.1375732421875
1.3780312538146973
30.47967529296875
3.333801746368408
0.5694284439086914
1.0119743347167969
27.496850967407227
0.8006196022033691
0.4124031066894531
0.3331928253173828
0.07639598846435547
1.0319595336914062
0.12250614166259766
0.034946441650390625
0.19692230224609375
0.06676197052001953
0.14410877227783203
5.154107570648193
0.10287666320800781
0.03430366516113281
0.007462501525878906
0.07135295867919922
3.8155012130737305
0.0034618377685546875
0.011767387390136719
2.8420753479003906
0.14521026611328125
0.019804000854492188
0.015743255615234375
0.01412200927734375
0.06824874877929688
0.0035648345947265625
0.003734588623046875
0.04710197448730469
0.006648063659667969
0.00708770751953125
0.03955078125
0.0057373046875
0.00135040283203125
0.0033407211303710938
0.001617431640625
9.427108764648438
0.0008697509765625
0.0001850128173828125
0.004191398620605469
0.0209197998046875
0.0017986297607421875
0.023105621337890625
0.45136404037475586
0.0020771026611328125
0.020193099975585938
0.0007333755493164062
0.019692420959472656
0.0006618499755859375
0.014522552490234375
0.0009593963623046875
0.00039386749267578125
0.0005321502685546875
0.008880615234375
0.000759124755859375
4.00543212890625e-05
0.0013484954833984375
0.012269973754882812
0.011636734008789062
0.012095451354980469
0.0003337860107421875
0.37964820861816406
0.00035190582275390625
0.34125423431396484
0.0011243820190429688
0.0003871917724609375
0.009046554565429688
0.2779378890991211
0.008203506469726562
0.0006780624389648438
0.005984306335449219
0.006969451904296875
0.00707244873046875
0.00536346435546875
0.014085769653320312
0.00038814544677734375
6.585465431213379
0.0006361007690429688
0.13469886779785156
0.005038261413574219
0.0036478042602539062
0.005176544189453125
0.0002307891845703125
0.00031280517578125
4.943947792053223
0.0003986358642578125
0.003917694091796875
4.059348106384277
0.00018787384033203125
0.006190299987792969
0.0029926300048828125
0.0020618438720703125
0.0003528594970703125
0.000217437744140625
0.005855560302734375
5.7220458984375e-06
0.0005950927734375
0.0027151107788085938
0.004368782043457031
0.00011444091796875
0.00254058837890625
0.0053462982177734375
0.00010776519775390625
0.005870819091796875
0.12502717971801758
5.435943603515625e-05
0.0034208297729492188
0.7496542930603027
0.00021266937255859375
0.0002193450927734375
4.291534423828125e-05
0.0001163482666015625
8.58306884765625e-05
0.0002498626708984375
0.0015954971313476562
0.0001983642578125
0.004935264587402344
0.0021533966064453125
0.0
0.07279586791992188
0.00011539459228515625
0.048595428466796875
0.00016880035400390625
8.58306884765625e-05
5.7220458984375e-06
4.38690185546875e-05
0.00028705596923828125
0.0001544952392578125
0.00011444091796875
0.05473804473876953
6.29425048828125e-05
6.67572021484375e-05
0.0025453567504882812
9.632110595703125e-05
9.5367431640625e-05
0.0017557144165039062
6.103515625e-05
0.08148860931396484
0.000118255615234375
0.000118255615234375
4.00543212890625e-05
5.53131103515625e-05
1.9073486328125e-05
0.0012769699096679688
2.86102294921875e-05
0.0017423629760742188
0.0013132095336914062
6.961822509765625e-05
1.33514404296875e-05
0.0
0.0012674331665039062
0.0011119842529296875
2.002716064453125e-05
0.0015707015991210938
0.000843048095703125
0.0006513595581054688
0.0028924942016601562
0.0
1.9073486328125e-06
5.245208740234375e-05
1.9073486328125e-06
3.62396240234375e-05
9.918212890625e-05
0.0020322799682617188
1.239776611328125e-05
0.04397392272949219
0.0020341873168945312
1.9073486328125e-06
0.0005674362182617188
0.0013418197631835938
1.71661376953125e-05
0.0009088516235351562
0.0
0.0007677078247070312
0.001552581787109375
0.0013856887817382812
5.626678466796875e-05
0.0004863739013671875
2.193450927734375e-05
2.956390380859375e-05
6.4849853515625e-05
0.0004673004150390625
0.0008993148803710938
2.86102294921875e-05
0.034145355224609375
0.0018968582153320312
0.000476837158203125
2.956390380859375e-05
0.0011491775512695312
3.1209640502929688
8.20159912109375e-05
9.5367431640625e-06
0.055187225341796875
3.0517578125e-05
0.000385284423828125
0.06479644775390625
1.239776611328125e-05
1.52587890625e-05
0.00042819976806640625
1.811981201171875e-05
1.9073486328125e-05
0.00043582916259765625
5.7220458984375e-06
7.62939453125e-06
3.814697265625e-05
0.0
1.9073486328125e-06
3.147125244140625e-05
0.00024700164794921875
0.0006456375122070312
5.7220458984375e-06
2.384185791015625e-05
2.288818359375e-05
3.24249267578125e-05
0.0010061264038085938
0.00032520294189453125
3.147125244140625e-05
0.0004892349243164062
6.67572021484375e-06
0.0
0.0
0.0005741119384765625
5.7220458984375e-06
1.33514404296875e-05
0.019977569580078125
3.814697265625e-06
0.0003070831298828125
1.52587890625e-05
1.71661376953125e-05
7.62939453125e-06
2.574920654296875e-05
1.1444091796875e-05
0.014851570129394531
0.0002765655517578125
9.5367431640625e-06
0.00034236907958984375
0.00046634674072265625
0.02329254150390625
0.00020313262939453125
1.9073486328125e-06
8.58306884765625e-06
7.62939453125e-06
9.5367431640625e-06
7.62939453125e-06
1.811981201171875e-05
0.00064849853515625
1.52587890625e-05
1.9073486328125e-06
0.00031185150146484375
3.814697265625e-06
0.00019741058349609375
2.574920654296875e-05
7.62939453125e-06
1.811981201171875e-05
0.00022125244140625
1.71661376953125e-05
5.7220458984375e-06
0.00030517578125
2.09808349609375e-05
0.00035572052001953125
1.33514404296875e-05
9.5367431640625e-06
1.1444091796875e-05
0.00021648406982421875
0.00019550323486328125
1.9073486328125e-05
0.0
0.0006866455078125
5.7220458984375e-06
0.00014495849609375
9.5367431640625e-06
4.291534423828125e-05
1.239776611328125e-05
1.811981201171875e-05
5.7220458984375e-06
0.00014972686767578125
1.239776611328125e-05
0.02123403549194336
9.5367431640625e-06
2.574920654296875e-05
2.574920654296875e-05
2.193450927734375e-05
0.012539863586425781
0.00036144256591796875
0.015463829040527344
0.025112628936767578
1.1444091796875e-05
0.0
0.0002422332763671875
1.71661376953125e-05
0.017866134643554688
1.33514404296875e-05
0.00026035308837890625
0.02720928192138672
0.0003986358642578125
5.7220458984375e-06
3.814697265625e-06
0.00024127960205078125
1.52587890625e-05
1.9073486328125e-06
0.0
0.0002040863037109375
0.0170745849609375
1.52587890625e-05
0.011758804321289062
0.00021076202392578125
3.814697265625e-06
0.0003490447998046875
5.7220458984375e-06
0.0001659393310546875
0.0001544952392578125
9.5367431640625e-06
8.58306884765625e-06
7.62939453125e-06
5.7220458984375e-06
7.62939453125e-06
5.7220458984375e-06
3.814697265625e-06
3.814697265625e-06
0.014550209045410156
0.0
1.1444091796875e-05
4.76837158203125e-06
3.814697265625e-06
0.0
0.00040721893310546875
0.008353233337402344
1.430511474609375e-05
0.0001506805419921875
3.814697265625e-06
1.049041748046875e-05
1.9073486328125e-06
0.0001277923583984375
0.0
0.00015354156494140625
1.52587890625e-05
1.9073486328125e-06
9.5367431640625e-06
0.0004367828369140625
5.7220458984375e-06
0.00013065338134765625
